260 4 1
0.500000 0.812000 0.701775 0.416422
1
0.072000 0.777776 0.978570 0.301770
-1
0.298000 0.859776 0.876389 0.241229
-1
0.390000 0.938776 0.816891 0.216585
1
0.281000 0.843776 0.746399 0.187386
1
0.180000 0.742776 0.681080 0.160330
1
0.100000 0.662776 0.629343 0.138900
-1
0.202000 0.560776 0.563378 0.111576
-1
0.379000 0.383776 0.448909 0.064162
-1
0.428000 0.412776 0.417220 0.051036
1
0.322000 0.310776 0.348669 0.022641
1
0.227000 0.215776 0.287231 0.002550
1
0.138000 0.126776 0.229673 0.026391
1
0.061224 0.061224 0.141720 0.062822
1
0.061224 0.061224 0.074461 0.090682
-1
0.061224 0.061224 0.074461 0.090682
1
0.061224 0.061224 0.015610 0.115059
-1
0.137224 0.061224 0.032425 0.135417
-1
0.228224 0.061224 0.091276 0.159794
-1
0.305224 0.095224 0.141073 0.180421
-1
0.412224 0.202224 0.210271 0.209084
1
0.321224 0.293224 0.269123 0.233461
1
0.228224 0.316224 0.329267 0.258374
1
0.144224 0.232224 0.383591 0.280875
1
0.061224 0.141224 0.448909 0.307931
-1
0.149224 0.229224 0.505820 0.331504
-1
0.248224 0.328224 0.569845 0.358024
-1
0.326224 0.406224 0.620289 0.378919
-1
0.412224 0.492224 0.675907 0.401957
-1
0.496224 0.576224 0.730231 0.424458
-1
0.610224 0.690224 0.803956 0.454996
1
0.510224 0.790224 0.868628 0.481784
1
0.398224 0.902224 0.941060 0.511787
-1
0.473224 0.938776 0.989564 0.531878
-1
0.562224 0.938776 0.953994 0.555719
-1
0.652224 0.938776 0.895790 0.579828
-1
0.743224 0.938776 0.836939 0.604205
-1
0.863224 0.938776 0.759333 0.636350
1
0.762224 0.938776 0.694015 0.663406
1
0.672224 0.938776 0.635810 0.687515
-1
0.772224 0.938776 0.571139 0.714303
1
0.666224 0.938776 0.502587 0.742698
-1
0.751224 0.938776 0.447616 0.765467
-1
0.852224 0.938776 0.382298 0.792523
-1
0.938776 0.938776 0.313746 0.820918
-1
0.938776 0.938776 0.250368 0.847170
1
0.842776 0.938776 0.188283 0.872887
1
0.748776 0.938776 0.127492 0.898067
1
0.660776 0.938776 0.070581 0.921641
-1
0.744776 0.938776 0.016257 0.944142
-1
0.836776 0.938776 0.042125 0.968787
-1
0.938776 0.938776 0.114557 0.998790
-1
0.938776 0.938776 0.201864 0.965305
1
0.820776 0.938776 0.278177 0.933695
1
0.718776 0.938776 0.344142 0.906372
-1
0.811776 0.938776 0.404286 0.881459
-1
0.899776 0.938776 0.461197 0.857886
-1
0.938776 0.938776 0.547210 0.822258
1
0.839776 0.938776 0.611235 0.795738
1
0.755776 0.938776 0.665559 0.773236
1
0.658776 0.938776 0.728291 0.747252
1
0.566776 0.938776 0.787788 0.722607
-1
0.668776 0.938776 0.853753 0.695283
-1
0.757776 0.938776 0.911311 0.671442
-1
0.852776 0.938776 0.972749 0.645994
1
0.758776 0.938776 0.967575 0.620813
1
0.659776 0.938776 0.903551 0.594293
1
0.567776 0.938776 0.844053 0.569648
1
0.468776 0.938776 0.780028 0.543128
1
0.242776 0.938776 0.633870 0.482588
1
0.150776 0.873776 0.574372 0.457943
1
0.080776 0.803776 0.529102 0.439192
-1
0.171776 0.712776 0.470251 0.414815
-1
0.281776 0.720776 0.399112 0.385348
-1
0.390776 0.829776 0.328620 0.356149
-1
0.500776 0.938776 0.257482 0.326683
-1
0.588776 0.938776 0.200571 0.303109
1
0.490776 0.882776 0.137193 0.276857
1
0.384776 0.776776 0.068641 0.248462
1
0.290776 0.682776 0.007849 0.223282
1
0.163776 0.555776 0.073168 0.189261
1
0.149776 0.541776 0.082222 0.185511
-1
0.289776 0.401776 0.172762 0.148008
-1
0.406776 0.330776 0.248428 0.116666
1
0.314776 0.256776 0.307925 0.092021
1
0.214776 0.156776 0.372597 0.065233
1
0.115776 0.061224 0.436622 0.038713
1
0.061224 0.061224 0.506467 0.009783
1
0.061224 0.061224 0.571785 0.017015
1
0.061224 0.061224 0.646804 0.048089
1
0.061224 0.061224 0.712123 0.075145
1
0.061224 0.061224 0.881562 0.145329
-1
0.161224 0.157224 0.946234 0.172117
-1
0.280224 0.276224 0.977923 0.203994
-1
0.385224 0.381224 0.910018 0.232122
-1
0.485224 0.481224 0.845346 0.258909
-1
0.599224 0.595224 0.771621 0.289448
1
0.498224 0.696224 0.706302 0.316503
1
0.379224 0.815224 0.629343 0.348381
1
0.234224 0.824224 0.535569 0.387223
-1
0.345224 0.881224 0.463784 0.416958
-1
0.528224 0.938776 0.345435 0.465979
-1
0.648224 0.938776 0.267829 0.498125
-1
0.744224 0.938776 0.205744 0.523841
1
0.599224 0.938776 0.111971 0.562684
1
0.425224 0.938776 -0.000558 0.609294
-1
0.763224 0.938776 0.218032 0.699837
-1
0.938776 0.938776 0.360309 0.758771
1
0.629776 0.938776 0.560145 0.841545
-1
0.938776 0.938776 0.833705 0.907175
1
0.551776 0.938776 0.583426 0.803506
-1
0.879776 0.938776 0.371304 0.715642
1
0.495776 0.938776 0.122965 0.612777
-1
0.715776 0.938776 0.018197 0.553844
1
0.288776 0.856776 0.294344 0.439459
-1
0.538776 0.938776 0.456023 0.372490
1
0.162776 0.734776 0.699188 0.271768
-1
0.435776 0.859776 0.875742 0.198637
1
0.061224 0.578776 0.846640 0.083181
-1
0.397224 0.402776 0.629343 0.006568
1
0.168224 0.197776 0.481245 0.067912
1
0.061224 0.061224 0.391352 0.105147
-1
0.168224 0.061224 0.322153 0.133810
-1
0.277224 0.111224 0.251661 0.163009
-1
0.355224 0.189224 0.201217 0.183903
1
0.251224 0.179224 0.133959 0.211763
1
0.101224 0.061224 0.036952 0.251945
-1
0.216224 0.070224 0.036305 0.282751
-1
0.656224 0.510224 0.320860 0.400617
1
0.559224 0.607224 0.383591 0.426601
1
0.459224 0.707224 0.448263 0.453389
1
0.374224 0.792224 0.503234 0.476159
-1
0.566224 0.938776 0.627403 0.527591
-1
0.647224 0.938776 0.679787 0.549290
-1
0.734224 0.938776 0.736051 0.572595
-1
0.819224 0.938776 0.791022 0.595365
1
0.719224 0.938776 0.855694 0.622153
1
0.617224 0.938776 0.921659 0.649476
1
0.530224 0.938776 0.977923 0.672782
1
0.460224 0.938776 0.977923 0.691533
-1
0.555224 0.938776 0.916485 0.716982
-1
0.653224 0.938776 0.853107 0.743234
-1
0.938776 0.938776 0.646804 0.828687
1
0.855776 0.938776 0.593127 0.850921
1
0.756776 0.938776 0.529102 0.877441
1
0.628776 0.938776 0.446323 0.911729
-1
0.708776 0.938776 0.394585 0.933159
-1
0.804776 0.938776 0.332501 0.958876
-1
0.938776 0.938776 0.044712 0.884673
1
0.824776 0.938776 0.118438 0.854135
1
0.724776 0.938776 0.183109 0.827347
1
0.608776 0.938776 0.258128 0.796274
1
0.547776 0.938776 0.297578 0.779933
-1
0.635776 0.938776 0.354489 0.756360
-1
0.743776 0.938776 0.424334 0.727429
-1
0.840776 0.938776 0.487066 0.701445
-1
0.938776 0.938776 0.562731 0.670103
1
0.835776 0.938776 0.629343 0.642511
1
0.726776 0.938776 0.699835 0.613313
1
0.615776 0.938776 0.771621 0.583578
1
0.503776 0.938776 0.844053 0.553576
1
0.405776 0.938776 0.907431 0.527324
-1
0.505776 0.938776 0.972102 0.500536
-1
0.603776 0.938776 0.965635 0.474284
-1
0.694776 0.938776 0.906784 0.449907
-1
0.793776 0.938776 0.842759 0.423387
1
0.686776 0.938776 0.773561 0.394724
1
0.567776 0.938776 0.696602 0.362846
1
0.347776 0.909776 0.554324 0.303913
1
0.231776 0.793776 0.479305 0.272839
1
0.105776 0.667776 0.397819 0.239086
-1
0.207776 0.565776 0.331854 0.211763
-1
0.335776 0.437776 0.249074 0.177474
1
0.240776 0.342776 0.187636 0.152026
1
0.140776 0.242776 0.122965 0.125238
1
0.061224 0.138776 0.055706 0.097379
1
0.061224 0.061224 0.015610 0.067376
-1
0.160224 0.061224 0.079635 0.040856
-1
0.272224 0.061224 0.152067 0.010854
-1
0.341224 0.061224 0.196690 0.007372
1
0.224224 0.061224 0.272356 0.038713
1
0.104224 0.061224 0.349962 0.070859
1
0.061224 0.061224 0.417220 0.098718
1
0.061224 0.061224 0.485126 0.126845
-1
0.151224 0.077224 0.543330 0.150954
-1
0.253224 0.179224 0.609295 0.178278
-1
0.362224 0.288224 0.679787 0.207477
-1
0.413224 0.339224 0.712769 0.221139
1
0.304224 0.448224 0.783261 0.250337
1
0.190224 0.562224 0.856987 0.280875
1
0.102224 0.612224 0.913898 0.304449
-1
0.189224 0.697224 0.970162 0.327754
-1
0.283224 0.791224 0.970162 0.352935
-1
0.377224 0.885224 0.909371 0.378115
-1
0.469224 0.938776 0.849873 0.402760
-1
0.592224 0.938776 0.770327 0.435709
-1
0.710224 0.938776 0.694015 0.467319
1
0.609224 0.938776 0.628696 0.494375
1
0.483224 0.938776 0.547210 0.528127
1
0.385224 0.938776 0.483832 0.554379
1
0.309224 0.938776 0.434682 0.574738
-1
0.410224 0.938776 0.369363 0.601794
-1
0.599224 0.938776 0.247134 0.652423
-1
0.862224 0.938776 0.077048 0.722875
1
0.742224 0.938776 -0.000558 0.755020
1
0.644224 0.938776 0.062820 0.781272
1
0.534224 0.938776 0.133959 0.810739
-1
0.648224 0.938776 0.207685 0.841277
-1
0.938776 0.938776 0.452143 0.942535
1
0.841776 0.938776 0.514874 0.968519
1
0.651776 0.938776 0.637750 0.980842
-1
0.739776 0.938776 0.694661 0.957268
-1
0.938776 0.938776 0.936533 0.857082
1
0.841776 0.938776 0.999264 0.831098
1
0.580776 0.938776 0.833059 0.761181
-1
0.664776 0.938776 0.778734 0.738680
-1
0.938776 0.938776 0.578253 0.655637
1
0.855776 0.938776 0.524575 0.633403
1
0.324776 0.910776 0.181169 0.491160
-1
0.403776 0.927776 0.130079 0.469998
-1
0.562776 0.938776 0.027251 0.427405
1
0.484776 0.920776 0.022077 0.406510
1
0.117776 0.553776 0.259422 0.308199
-1
0.223776 0.447776 0.327974 0.279804
-1
0.438776 0.594776 0.467018 0.222210
1
0.360776 0.654776 0.517461 0.201316
1
0.082776 0.376776 0.697248 0.126845
-1
0.188776 0.274776 0.765800 0.098450
-1
0.478776 0.564776 0.953348 0.020766
1
0.402776 0.640776 0.998618 0.000407
1
0.061224 0.106776 0.611882 0.159527
-1
0.145224 0.116776 0.557558 0.182028
-1
0.441224 0.412776 0.366130 0.261320
1
0.336224 0.517776 0.298225 0.289448
1
0.150224 0.371776 0.177936 0.339273
-1
0.233224 0.328776 0.124258 0.361507
-1
0.515224 0.610776 0.057000 0.437049
1
0.419224 0.706776 0.119084 0.462765
1
0.231224 0.744776 0.240667 0.513126
-1
0.324224 0.831776 0.300812 0.538039
-1
0.854224 0.938776 0.643571 0.680014
1
0.747224 0.938776 0.712769 0.708677
1
0.588224 0.938776 0.815597 0.751270
-1
0.668224 0.938776 0.867335 0.772700
-1
0.938776 0.938776 0.892556 0.872619
1
0.842776 0.938776 0.830472 0.898335
1
0.662776 0.938776 0.714063 0.946553
-1
0.742776 0.938776 0.662326 0.967984
-1
0.938776 0.938776 0.188283 0.835920
1
0.865776 0.938776 0.141073 0.816364
1
0.621776 0.938776 0.015610 0.751002
-1
0.708776 0.938776 0.071874 0.727697
-1
0.938776 0.938776 0.268476 0.646262
1
0.840776 0.938776 0.331854 0.620010
1
0.415776 0.938776 0.606708 0.506161
-1
0.501776 0.938776 0.662326 0.483124
-1
0.685776 0.938776 0.781321 0.433834
1
0.607776 0.938776 0.831765 0.412940
1
0.243776 0.938776 0.933946 0.315432
-1
0.307776 0.938776 0.892556 0.298288
-1
0.500000 0.780000 0.768387 0.196494
-1
0.762000 0.602000 0.598947 0.126310
1
0.061224 0.061224 0.029838 0.109165
-1
0.938776 0.061224 0.549150 0.447496
1
0.196776 0.061224 0.069287 0.248730
-1
0.374776 0.061224 0.044712 0.201048
1
0.061224 0.061224 0.559498 0.165688
-1
0.410224 0.061224 0.333794 0.072198
1
0.500000 0.061224 0.434035 0.058001
1
0.061224 0.061224 0.088042 0.085056
-1
0.196224 0.061224 0.000736 0.121220
1
0.061224 0.938776 0.770327 0.631796
1
0.061224 0.938776 0.714710 0.654834
-1
0.938776 0.913776 0.631283 0.481516
1
0.086776 0.061776 0.080282 0.253284
-1
0.938776 0.168224 0.723764 0.309271
1
0.487776 0.619224 0.432095 0.430084
-1
0.749776 0.881224 0.262655 0.500268
-1
0.785776 0.917224 0.239374 0.509912
1
0.516776 0.938776 0.065407 0.581971
-1
0.648776 0.938776 0.018844 0.617331
1
0.584776 0.938776 0.060233 0.634475
-1
0.938776 0.804776 0.646158 0.829490
1
0.631776 0.938776 0.447616 0.747252
-1
0.799776 0.938776 0.338968 0.702248
1
0.658776 0.938776 0.247781 0.664477
-1
0.836776 0.938776 0.132665 0.616795
1
0.702776 0.938776 0.046006 0.580899
-1
0.500000 0.938776 0.400406 0.044071
1
0.061224 0.938776 0.025311 0.111041
-1
0.500000 0.938776 0.396525 0.042464
1
0.061224 0.938776 0.091922 0.083449
-1
0.938776 0.822776 0.695308 0.662870
1
0.334776 0.938776 0.304692 0.824669
-1
0.938776 0.387776 0.752866 0.531878
1
0.296776 0.094224 0.337674 0.359900
-1
0.579776 0.377224 0.154654 0.284090
1
0.061224 0.061224 0.132665 0.164616
1
0.061224 0.061224 0.082868 0.185243
-1
0.938776 0.061224 0.345435 0.905836
1
0.621776 0.061224 0.140426 0.990753
-1
0.500000 0.628224 0.635810 0.687515
1
0.233000 0.895224 0.463137 0.759038
-1
0.938776 0.938776 0.345435 0.363114
1
0.061224 0.938776 0.381004 0.451246
-1
0.938776 0.938776 0.560791 0.841813
1
0.500000 0.061224 0.706302 0.170777
1
0.061224 0.061224 0.098390 0.080770
-1
0.500000 0.938776 0.466371 0.071395
1
0.061224 0.938776 0.093863 0.082645
-1
0.583224 0.938776 0.242607 0.222478
1
0.061224 0.938776 0.621583 0.693408
-1
0.938776 0.938776 0.527162 0.340344
1
0.661776 0.938776 0.348022 0.266142
-1
0.938776 0.938776 0.229673 0.026391
1
0.061224 0.693776 0.608648 0.454996
-1
0.743224 0.938776 0.167588 0.637689
1
0.589224 0.938776 0.067994 0.678943
-1
0.938776 0.938776 -0.052103 0.565735
1
0.099776 0.938776 -0.007541 0.102305
-1
0.938776 0.079776 0.676773 0.261603
1
0.317776 0.061224 0.256752 0.373614
-1
0.553776 0.061224 0.097131 0.416181
1
0.061224 0.061224 -0.009422 0.414574
-1
0.938776 0.061224 -0.064821 0.396885
1
0.061224 0.061224 -0.097120 0.321418
-1
0.678224 0.061224 -0.153885 0.530560
1
0.175224 0.061224 -0.186401 0.842609
-1
0.938776 0.061224 -0.153515 0.781730
1
0.061224 0.728224 -0.190163 0.738026
1
0.500000 0.061224 0.144953 0.061483
1
0.061224 0.938776 0.635912 0.565188
-1
0.500000 0.061224 0.345212 0.282984
1
0.061224 0.938776 0.098776 0.301356
-1
0.938776 0.938776 -0.004359 0.215808
1
0.061224 0.061224 0.013935 0.095598
-1
0.938776 0.938776 0.695824 0.503313
1
0.061224 0.938776 0.142726 0.137512
-1
0.938776 0.938776 0.373169 0.720070
1
0.551776 0.938776 0.112500 0.646324
-1
0.938776 0.061224 0.581974 0.212804
1
0.500000 0.061224 0.200440 0.570549
-1
0.772000 0.061224 0.020579 0.633016
1
0.061224 0.938776 0.677866 0.899878
-1
0.851224 0.938776 0.155475 0.718448
1
0.572224 0.938776 0.025597 0.679106
-1
0.938776 0.061224 0.452633 0.507946
1
0.061224 0.061224 0.346395 0.491736
-1
0.938776 0.938776 0.658191 0.631325
1
0.061224 0.938776 0.268365 0.737699
-1
0.855224 0.938776 0.116191 0.728273
1
0.729224 0.938776 0.092043 0.643443
1
0.061224 0.061224 0.676973 0.327015
-1
0.938776 0.061224 0.404823 0.717501
1
0.061224 0.061224 0.185953 0.050981
-1
0.938776 0.938776 0.259549 0.817142
1
0.061224 0.938776 0.048537 0.442141
-1
0.825224 0.938776 -0.003862 0.054254
1
0.061224 0.272776 0.629930 0.853656
-1
0.938776 0.061224 -0.013995 0.111534
1
0.061224 0.061224 -0.013819 0.644646
-1
0.938776 0.061224 -0.014151 0.616434
1
0.061224 0.061224 -0.064056 0.186391
-1
0.306224 0.061224 -0.089372 0.331724
1
0.061224 0.061224 -0.095008 0.724538
1
0.061224 0.061224 -0.095272 0.770580
-1
0.938776 0.061224 -0.095155 0.875168
1
0.061224 0.061224 -0.095147 0.465614
-1
0.260224 0.061224 -0.095579 0.355940
1
0.061224 0.061224 -0.095147 0.187847
-1
0.938776 0.061224 -0.095594 0.351013
1
0.061224 0.061224 -0.095197 0.855513
-1
0.352224 0.061224 -0.095628 0.984984
1
0.219224 0.061224 -0.095197 0.911709
-1
0.344224 0.061224 -0.095628 0.842842
1
0.202224 0.061224 -0.095628 0.764609
-1
0.361224 0.061224 -0.095197 0.677009
1
0.229224 0.061224 -0.095197 0.604286
-1
0.339224 0.061224 -0.095628 0.543131
1
0.185224 0.061224 -0.095197 0.458838
-1
0.343224 0.061224 -0.089894 0.370023
1
0.181224 0.061224 -0.064019 0.270577
-1
0.396224 0.061224 -0.064484 0.174209
1
0.094224 0.061224 -0.064484 0.002606
1
0.061224 0.061224 -0.062451 0.013168
-1
0.365224 0.061224 -0.059561 0.013783
-1
0.417224 0.061224 -0.059561 0.012856
-1
0.470224 0.061224 -0.060260 0.011911
-1
0.519224 0.061224 -0.059561 0.011038
-1
0.568224 0.061224 -0.060260 0.010164
-1
0.500000 0.437224 2.833997 0.292930
-1
0.938776 0.938776 3.225907 0.292930
1
0.231776 0.938776 3.683135 0.292662
-1
0.531776 0.938776 3.877149 0.292662
-1
0.500000 0.442224 0.531385 0.785892
-1
0.938776 0.938776 0.429595 0.709788
1
0.061224 0.061224 0.386028 0.979468
-1
0.938776 0.061224 0.164268 0.373771
1
0.061224 0.938776 0.333737 0.958066
-1
0.938776 0.938776 0.523113 0.559580
1
0.387776 0.938776 0.146411 0.476757
-1
0.938776 0.938776 0.229001 0.273775
1
0.061224 0.938776 0.357512 0.625946
-1
0.938776 0.938776 0.459178 0.640605
1
0.356776 0.938776 0.103277 0.442338
-1
0.507776 0.938776 0.010939 0.390898
1
0.061224 0.544224 0.561912 0.416448
-1
0.841224 0.938776 0.084932 0.682166
1
0.061224 0.938776 0.393688 0.626109
-1
0.938776 0.938776 0.653633 0.452356
1
0.151776 0.938776 0.122866 0.304787
-1
0.938776 0.938776 1.027529 0.109882
1
0.061224 0.938776 1.027608 0.778280
-1
0.938776 0.938776 1.027529 0.580056
1
0.500000 0.870000 0.551179 0.106755
1
0.061224 0.938776 0.079724 0.088271
-1
0.938776 0.938776 0.518865 0.356107
1
0.061224 0.938776 0.268262 0.220624
-1
0.902224 0.938776 0.033828 0.760631
1
0.802224 0.938776 0.005952 0.824841
-1
0.938776 0.938776 0.428078 0.548294
-1
0.500000 0.760224 0.389500 0.788773
-1
0.938776 0.061224 0.601898 0.112321
1
0.500000 0.800000 0.546864 0.171714
1
0.142857 0.504857 0.668004 0.562545
-1
0.857143 0.857143 0.140473 0.828322
1
0.142857 0.857143 0.321984 0.669022
-1
0.857143 0.142857 0.543747 0.324095
1
0.142857 0.184857 0.678999 0.462237
-1
0.845857 0.142857 0.204915 0.594172
1
0.600857 0.142857 0.039693 0.640152
1
0.565857 0.142857 0.016090 0.646720
-1
0.857143 0.142857 0.646905 0.101927
1
0.226143 0.142857 0.304131 0.176538
-1
0.547143 0.142857 0.129757 0.318255
1
0.329143 0.142857 0.011334 0.414499
-1
0.500000 0.857143 0.285652 0.567195
1
0.142857 0.142857 0.210844 0.392258
-1
0.857143 0.857143 0.600777 0.288310
1
0.142857 0.142857 0.169565 0.752731
-1
0.857143 0.142857 0.537256 0.013631
1
0.142857 0.857143 0.755924 0.972192
1
0.142857 0.857143 0.623476 0.881896
-1
0.637857 0.857143 0.337178 0.686714
1
0.155857 0.857143 0.058400 0.496657
-1
0.500000 0.142857 0.193466 0.012937
1
0.142857 0.857143 0.319913 0.580789
-1
0.857143 0.857143 0.102279 0.451713
1
0.500000 0.857143 0.608776 0.118104
-1
0.857143 0.857143 0.294836 -0.000871
1
0.142857 0.857143 0.920900 -0.000265
-1
0.500000 0.857143 0.293700 0.133109
1
0.142857 0.857143 0.072500 0.249762
-1
0.857143 0.857143 0.506500 0.764788
-1
0.857143 0.857143 0.232100 0.289513
1
0.142857 0.142857 0.078655 0.158829
1
0.142857 0.142857 0.041905 0.222482
-1
0.857143 0.142857 0.387711 0.174331
1
0.146143 0.142857 0.138861 0.256430
-1
0.517143 0.142857 0.009011 0.481337
-1
0.857143 0.857143 0.215141 0.736295
1
0.142857 0.142857 0.277591 0.463150
-1
0.857143 0.857143 0.371887 0.167663
1
0.175143 0.857143 0.133187 0.245518
-1
0.857143 0.857143 0.511321 0.215554
-1
0.857143 0.857143 0.429771 0.074305
1
0.225143 0.857143 0.208571 0.308565
-1
0.857143 0.857143 0.165386 0.580497
1
0.142857 0.857143 0.000000 0.000613
-1
0.857143 0.142857 0.056994 0.780549
1
0.500000 0.275510 0.112092 0.667115
-1
0.500000 0.500000 0.171803 0.190781
-1
0.724490 0.724490 0.437864 0.888392
1
0.275510 0.724490 0.370097 0.709392
-1
0.684510 0.724490 0.322555 0.427066
1
0.275510 0.724490 0.200154 0.299582
-1
0.500000 0.724490 0.110385 0.519742
-1
0.690000 0.724490 0.026873 0.623255
1
0.275510 0.275510 0.049728 0.585705
-1
0.724490 0.724490 0.146962 0.466943
1
0.276490 0.724490 0.002478 0.188610
-1
0.724490 0.724490 0.111641 0.507310
1
0.523490 0.724490 0.039699 0.386393
-1
0.724490 0.724490 0.236565 0.558255
1
0.275510 0.724490 0.054777 0.413533
-1
0.500000 0.500000 0.561964 0.546050
-1
0.500000 0.918367 0.467123 0.449910
-1
0.918367 0.918367 0.164273 0.455554
1
0.500000 0.724490 0.178181 0.582800
-1
0.724490 0.724490 0.084837 0.365667
1
0.463490 0.724490 0.103062 0.547456
-1
0.500000 0.500000 0.538240 0.207391
1
0.275510 0.724490 0.173119 0.124216
-1
0.724490 0.724490 0.160041 0.068250
-1
0.724490 0.724490 0.227332 0.107100
1
0.275510 0.275510 0.399844 0.326200
-1
0.724490 0.275510 0.588984 0.167982
1
0.500000 0.724490 0.689900 0.778791
-1
0.500000 0.724490 0.460466 0.434550
1
0.275510 0.724490 0.034901 0.188850
-1
0.724490 0.724490 0.085217 0.461072
1
0.500000 0.275510 0.330513 0.604336
-1
0.500000 0.724490 0.216136 0.675620
1
0.275510 0.724490 0.050054 0.582910
-1
0.724490 0.724490 0.142155 0.607159
1
0.466490 0.724490 0.022907 0.378371
-1
0.724490 0.275510 0.291229 0.159144
1
0.275510 0.275510 0.101913 0.332236
-1
0.724490 0.724490 0.122989 0.480610
1
0.275510 0.724490 0.042241 0.956346
-1
0.724490 0.724490 0.614468 0.419968
1
0.275510 0.724490 0.232941 0.967075
-1
0.582510 0.724490 0.057335 0.781814
1
0.275510 0.724490 0.299520 0.160554
-1
0.713510 0.724490 0.064956 0.208595
1
0.275510 0.724490 0.597813 0.521909
-1
0.724490 0.724490 0.020506 0.568454
1
0.275510 0.724490 0.397253 0.857456
-1
0.724490 0.724490 0.498211 0.549000
1
0.275510 0.724490 0.425071 0.665247
-1
0.724490 0.275510 0.045546 0.849495
1
0.275510 0.724490 0.475516 0.974518
-1
0.724490 0.724490 0.115721 0.649291
1
0.275510 0.275510 0.076185 0.360258
-1
0.724490 0.724490 0.298579 0.328898
1
0.275510 0.724490 0.261931 0.291676
-1
0.724490 0.275510 0.227902 0.390001
1
0.275510 0.724490 0.292207 0.530985
-1
0.724490 0.724490 0.586445 0.338440
1
0.500000 0.500000 0.230669 0.789766
-1
0.500000 0.500000 0.799616 0.655088
-1
0.500000 0.500000 0.460236 0.114071
-1
0.500000 0.724490 0.418680 0.507254
-1
0.724490 0.724490 0.128959 0.893636
1
0.275510 0.724490 0.116977 0.580280
-1
0.724490 0.724490 0.166293 0.457499
1
0.481490 0.724490 0.047590 0.342666
-1
0.724490 0.724490 0.179861 0.046876
1
0.275510 0.724490 0.447964 0.208374
-1
0.643510 0.724490 0.083898 0.262035
1
0.275510 0.275510 0.053541 0.052936
-1
0.724490 0.724490 0.148733 0.482877
1
0.275510 0.275510 0.276870 0.265197
-1
0.545510 0.275510 0.008677 0.234018
1
0.275510 0.275510 0.593441 0.268201
1
0.275510 0.275510 0.347327 0.501330
-1
0.520510 0.275510 0.169457 0.669816
1
0.421510 0.275510 0.097583 0.737897
-1
0.724490 0.275510 0.183566 0.330943
1
0.275510 0.724490 0.150063 0.466803
-1
0.724490 0.724490 0.470993 0.470903
1
0.500000 0.275510 0.159878 0.036924
1
0.410000 0.275510 0.212778 0.035597
-1
0.542000 0.275510 0.290366 0.142387
1
0.275510 0.724490 0.946641 0.864079
1
0.275510 0.528490 0.714149 0.790028
-1
0.724490 0.695490 0.156939 0.346405
1
0.275510 0.724490 0.840122 0.966830
-1
0.687510 0.724490 0.597955 0.633515
1
0.525510 0.724490 0.502734 0.502455
-1
0.693510 0.724490 0.403986 0.366540
1
0.296510 0.408490 0.170635 0.045360
-1
0.536510 0.275510 0.029567 0.148050
1
0.275510 0.724490 0.745489 0.084193
1
0.275510 0.724490 0.502146 0.249986
-1
0.500000 0.724490 0.137729 0.961640
-1
0.724490 0.724490 0.070441 0.367590
-1
0.500000 0.500000 0.530947 0.352731
-1
0.724490 0.724490 0.050727 0.685237
1
0.275510 0.275510 0.036672 0.555083
-1
0.724490 0.275510 0.252363 0.350142
1
0.513490 0.275510 0.046957 0.398407
-1
0.724490 0.724490 0.111367 0.356813
1
0.275510 0.275510 0.577970 0.438487
-1
0.724490 0.275510 0.178276 0.988619
1
0.275510 0.724490 0.065421 0.915807
-1
0.724490 0.275510 0.304062 0.661022
1
0.327490 0.275510 0.070712 0.339842
-1
0.724490 0.724490 0.046435 0.421369
1
0.500000 0.500000 0.572092 0.296100
-1
0.724490 0.500000 0.165494 0.486836
1
0.499490 0.500000 0.000644 0.333704
-1
0.724490 0.724490 0.540352 0.324471
1
0.275510 0.724490 0.749016 0.139960
1
0.275510 0.724490 0.646153 0.281538
-1
0.724490 0.724490 0.146536 0.969202
1
0.275510 0.724490 0.131664 0.648078
-1
0.724490 0.724490 0.273631 0.716908
1
0.485490 0.724490 0.040920 0.771376
-1
0.724490 0.724490 0.589726 0.721643
1
0.275510 0.724490 0.297009 0.876220
-1
0.724490 0.724490 0.465703 0.269458
1
0.275510 0.275510 0.564451 0.346259
-1
0.500000 0.408837 0.434248 0.052660
1
0.209000 0.699837 0.185932 0.204383
-1
0.908163 0.908163 0.636767 0.689178
1
0.091837 0.908163 0.396167 0.525052
1
0.091837 0.091837 0.334627 0.271021
-1
0.908163 0.908163 0.624405 0.839006
1
0.091837 0.091837 0.526212 0.162830
-1
0.408837 0.091837 0.210685 0.193354
1
0.267837 0.091837 0.070340 0.206931
-1
0.908163 0.772837 0.539726 0.400586
1
0.361163 0.908163 0.002903 0.505609
-1
0.908163 0.091837 0.107354 0.122800
-1
0.908163 0.091837 0.051983 0.086882
1
0.091837 0.908163 0.681776 0.896320
-1
0.777837 0.908163 0.183371 0.632388
1
0.091837 0.908163 0.053078 0.220053
-1
0.908163 0.091837 0.639688 0.165039
1
0.572163 0.091837 0.442192 0.436869
-1
0.908163 0.908163 0.582085 0.012135
1
0.416163 0.908163 0.292894 0.410172
-1
0.908163 0.765837 0.271734 0.809072
1
0.091837 0.908163 0.085406 0.199018
-1
0.908163 0.908163 0.536531 0.672506
1
0.091837 0.908163 0.277223 0.539459
-1
0.908163 0.908163 0.175656 0.893958
1
0.091837 0.908163 0.461981 0.816373
-1
0.908163 0.091837 0.340899 0.281044
1
0.500000 0.397633 0.245031 0.182171
1
0.081633 0.081633 0.153010 0.123872
-1
0.918367 0.775633 0.529036 0.438349
1
0.485367 0.918367 0.115389 0.566356
-1
0.918367 0.918367 0.603671 0.644915
1
0.081633 0.370633 0.586771 0.470886
-1
0.918367 0.918367 0.212368 0.734642
1
0.081633 0.918367 0.138307 0.118925
-1
0.918367 0.081633 0.120673 0.650450
1
0.081633 0.918367 0.478190 0.729868
-1
0.918367 0.081633 0.516994 0.371138
1
0.583367 0.081633 0.252170 0.576305
-1
0.918367 0.081633 0.560936 0.412425
1
0.081633 0.818633 0.426320 0.307013
-1
0.403633 0.918367 0.104500 0.296255
1
0.081633 0.081633 0.620375 0.238844
-1
0.918367 0.918367 0.524606 0.344047
1
0.081633 0.918367 0.625581 0.958456
-1
0.707633 0.918367 0.257627 0.535624
1
0.081633 0.081633 0.425146 0.013808
-1
0.724633 0.081633 0.047200 0.505636
1
0.081633 0.918367 0.693285 0.135314
-1
0.918367 0.918367 0.065700 0.723541
1
0.081633 0.081633 0.658497 0.660158
-1
0.782633 0.081633 0.246459 0.773475
1
0.081633 0.918367 0.535411 0.814190
-1
0.918367 0.918367 0.732558 0.977348
1
0.081633 0.918367 0.537623 0.683855
-1
0.918367 0.081633 0.467467 0.036486
1
0.350367 0.081633 0.133605 0.422307
-1
0.918367 0.081633 0.223536 0.949841
1
0.478367 0.081633 0.034679 0.593873
-1
0.918367 0.918367 0.701405 0.855186
-1
0.918367 0.918367 0.469818 0.536433
1
0.081633 0.081633 0.316994 0.131061
-1
0.918367 0.918367 0.690825 0.774284
-1
0.918367 0.918367 0.570329 0.608436
1
0.081633 0.168367 0.818962 0.198264
-1
0.531633 0.081633 0.554459 0.165039
1
0.313633 0.081633 0.426322 0.341405
-1
0.918367 0.759633 0.679069 0.745914
-1
0.918367 0.918367 0.264093 0.683674
1
0.081633 0.918367 0.605542 0.684973
-1
0.538633 0.918367 0.223621 0.434005
1
0.081633 0.918367 0.702581 0.949841
-1
0.562633 0.918367 0.419856 0.560704
1
0.081633 0.918367 0.005978 0.017498
-1
0.918367 0.253633 0.596457 0.136385
1
0.081633 0.125633 0.537669 0.311539
-1
0.495633 0.539633 0.125158 0.346621
1
0.098633 0.442633 0.269557 0.329373
-1
0.918367 0.686633 0.402106 0.217254
1
0.081633 0.253367 0.878225 0.124510
-1
0.252633 0.082367 0.707541 0.114125
-1
0.455633 0.081633 0.504916 0.101795
1
0.081633 0.091633 0.015820 0.072035
-1
0.918367 0.270633 0.901998 0.432192
1
0.662367 0.526633 0.681922 0.562970
-1
0.918367 0.643633 0.788985 0.054204
1
0.470367 0.918367 0.525657 0.307426
-1
